**
** plate_with_hole_seed_10
**
*Part, name=Part-1
*Node
      1,          30.,           0.,           0.
      2,          60.,           0.,           0.
      3,          60.,         100.,           0.
      4,           0.,         100.,           0.
      5,           0.,          30.,           0.
      6,   28.5316963,   9.27050972,           0.
      7,   24.2705097,   17.6335583,           0.
      8,   17.6335583,   24.2705097,           0.
      9,   9.27050972,   28.5316963,           0.
     10,          40.,           0.,           0.
     11,          50.,           0.,           0.
     12,          60.,          10.,           0.
     13,          60.,          20.,           0.
     14,          60.,          30.,           0.
     15,          60.,          40.,           0.
     16,          60.,          50.,           0.
     17,          60.,          60.,           0.
     18,          60.,          70.,           0.
     19,          60.,          80.,           0.
     20,          60.,          90.,           0.
     21,          50.,         100.,           0.
     22,          40.,         100.,           0.
     23,          30.,         100.,           0.
     24,          20.,         100.,           0.
     25,          10.,         100.,           0.
     26,           0.,          90.,           0.
     27,           0.,          80.,           0.
     28,           0.,          70.,           0.
     29,           0.,          60.,           0.
     30,           0.,          50.,           0.
     31,           0.,          40.,           0.
     32,   36.7098083,   9.30233479,           0.
     33,   52.1719131,   16.7474575,           0.
     34,    17.640995,   32.6902618,           0.
     35,   51.4377403,   35.0702171,           0.
     36,    51.358284,   54.9968987,           0.
     37,   8.80084705,   65.0384903,           0.
     38,   8.97934151,   86.3546066,           0.
     39,   51.5108032,   25.1943703,           0.
     40,   32.4434204,   18.0743237,           0.
     41,   26.9324512,     27.28755,           0.
     42,   51.3913536,   45.0062675,           0.
     43,   51.0314369,   65.1845398,           0.
     44,   50.5276909,   75.7078476,           0.
     45,    50.604332,   86.6180725,           0.
     46,    34.483902,   91.4416504,           0.
     47,   24.8376369,    91.354866,           0.
     48,   9.20443249,   75.5006256,           0.
     49,   8.63854313,   55.2258949,           0.
     50,   8.65315247,    45.681488,           0.
     51,   8.77973366,    36.426136,           0.
     52,   46.8937111,   9.20532608,           0.
     53,   16.5992584,   91.8534012,           0.
     54,   42.6289139,   60.3169441,           0.
     55,   42.5877686,    50.451931,           0.
     56,   41.4983025,   70.2729187,           0.
     57,   17.5165024,   59.7067146,           0.
     58,   42.6886902,   40.1438332,           0.
     59,   43.1149025,   29.9783554,           0.
     60,   42.6634941,   19.2016811,           0.
     61,   29.6968613,   84.0003433,           0.
     62,   19.6503239,   81.8285217,           0.
     63,   18.6480675,   69.8496857,           0.
     64,   25.5277576,   37.9698219,           0.
     65,   16.8551598,   50.3554306,           0.
     66,   39.9801712,   81.9655762,           0.
     67,    35.043293,   64.8444519,           0.
     68,   35.9852028,   25.7823734,           0.
     69,   34.5363159,   34.4933624,           0.
     70,   34.2413063,   56.4330368,           0.
     71,   26.8145199,   63.0603485,           0.
     72,   32.6844063,   45.6224442,           0.
     73,   30.1902199,   73.6888351,           0.
     74,   16.8659172,   41.5237846,           0.
     75,   25.3084335,   53.5329247,           0.
     76,   43.0136795,   92.0050583,           0.
     77,   23.4483356,   45.8008842,           0.
*Element, type=S3
  1, 32,  1, 10
  2, 60, 52, 33
  3, 39, 14, 35
  4, 41, 34,  8
  5, 35, 14, 15
  6, 49, 37, 29
  7, 56, 43, 44
  8, 38, 26, 27
  9, 52, 12, 33
 10, 12, 11,  2
 11, 60, 32, 52
 12, 40,  6, 32
 13, 68, 60, 59
 14, 55, 36, 54
 15, 43, 36, 17
 16, 47, 46, 23
 17, 44, 43, 18
 18, 45, 20, 21
 19, 20,  3, 21
 20, 45, 44, 19
 21, 76, 66, 45
 22, 56, 54, 43
 23, 38, 25, 26
 24, 26, 25,  4
 25, 48, 28, 37
 26, 72, 64, 69
 27, 51, 50, 31
 28, 74, 51, 34
 29, 51,  5,  9
 30, 32,  6,  1
 31, 52, 10, 11
 32, 33, 12, 13
 33, 39, 13, 14
 34, 34,  9,  8
 35, 70, 54, 67
 36, 42, 15, 16
 37, 58, 35, 42
 38, 36, 16, 17
 39, 43, 17, 18
 40, 37, 28, 29
 41, 49, 29, 30
 42, 53, 25, 38
 43, 48, 38, 27
 44, 69, 68, 59
 45, 39, 33, 13
 46, 40,  7,  6
 47, 60, 40, 32
 48, 41,  8,  7
 49, 41,  7, 40
 50, 42, 35, 15
 51, 42, 16, 36
 52, 44, 18, 19
 53, 73, 66, 61
 54, 45, 19, 20
 55, 76, 46, 66
 56, 76, 21, 22
 57, 46, 22, 23
 58, 47, 23, 24
 59, 63, 37, 57
 60, 53, 47, 24
 61, 62, 61, 47
 62, 48, 27, 28
 63, 73, 63, 71
 64, 50, 49, 30
 65, 69, 41, 68
 66, 50, 30, 31
 67, 74, 65, 50
 68, 51, 31,  5
 69, 51,  9, 34
 70, 52, 32, 10
 71, 52, 11, 12
 72, 53, 24, 25
 73, 62, 53, 38
 74, 71, 70, 67
 75, 54, 36, 43
 76, 75, 72, 70
 77, 55, 42, 36
 78, 66, 56, 44
 79, 61, 46, 47
 80, 57, 37, 49
 81, 65, 49, 50
 82, 69, 64, 41
 83, 58, 42, 55
 84, 59, 39, 35
 85, 59, 35, 58
 86, 60, 33, 39
 87, 60, 39, 59
 88, 62, 47, 53
 89, 63, 62, 48
 90, 62, 38, 48
 91, 63, 48, 37
 92, 73, 71, 67
 93, 73, 62, 63
 94, 77, 74, 64
 95, 64, 34, 41
 96, 65, 57, 49
 97, 74, 50, 51
 98, 66, 44, 45
 99, 66, 46, 61
100, 67, 54, 56
101, 73, 56, 66
102, 68, 41, 40
103, 68, 40, 60
104, 69, 59, 58
105, 72, 58, 55
106, 75, 70, 71
107, 70, 55, 54
108, 71, 63, 57
109, 75, 71, 57
110, 72, 69, 58
111, 72, 55, 70
112, 73, 67, 56
113, 73, 61, 62
114, 74, 34, 64
115, 77, 64, 72
116, 75, 57, 65
117, 77, 75, 65
118, 76, 45, 21
119, 76, 22, 46
120, 77, 72, 75
121, 77, 65, 74
*Nset, nset=Set-1, generate
  1,  77,   1
*Elset, elset=Set-1, generate
   1,  121,    1
*Shell Section, elset=Set-1, material=Steel
2., 5
**
**
**
*Material, name=Steel
*Elastic
210000., 0.3
** ----------------------------------------------------------------
** 
** STEP: Step-1
** 
*Step, name=Step-1, nlgeom=NO
*Static
1., 1., 1e-05, 1.
** 
** BOUNDARY CONDITIONS
** 
** Name: BC-1 Type: Symmetry/Antisymmetry/Encastre
*Boundary
_PickedSet4, XSYMM
** Name: BC-2 Type: Symmetry/Antisymmetry/Encastre
*Boundary
_PickedSet5, YSYMM
** Name: BC-3 Type: Displacement/Rotation
*Boundary
_PickedSet6, 2, 2, 2.
** 
** OUTPUT REQUESTS
** 
*Restart, write, frequency=0
** 
** FIELD OUTPUT: F-Output-1
** 
*Output, field, variable=PRESELECT
** 
** HISTORY OUTPUT: H-Output-1
** 
*Output, history, variable=PRESELECT
*End Step
